0 0.232143 0.491071 0.071429 0.125000
0 0.321429 0.491071 0.071429 0.089286
0 0.116071 0.321429 0.089286 0.142857
0 0.232143 0.285714 0.071429 0.107143
0 0.330357 0.285714 0.053571 0.107143
0 0.437500 0.285714 0.053571 0.107143
0 0.526786 0.276786 0.053571 0.089286
0 0.607143 0.303571 0.035714 0.107143
0 0.696429 0.276786 0.107143 0.125000
0 0.848214 0.258929 0.125000 0.125000
0 0.383929 0.455357 0.053571 0.125000
0 0.464286 0.464286 0.071429 0.142857
0 0.562500 0.482143 0.053571 0.107143
0 0.687500 0.491071 0.089286 0.125000
0 0.776786 0.508929 0.053571 0.125000
0 0.875000 0.517857 0.107143 0.107143
